14
1 100 400 500 Phytoplancton.jpg
2 100 700 500 Zoo_Herb.jp
3 95 100 500 Krill.jpg
4 100 400 400 Zoo_Carn.jpg
5 40 700 400 Calmar.jpg
6 50 400 300 Poissons.jpg
7 25 300 300 Empereur.jpg
8 10 100 200 Phoque_Crab.jpg
9 9 400 200 Leopard_Mer.jpg
10 8 700 200 Eleph_Mer.jpg
11 15 700 150 Cachalot.jpg
12 15 400 100 Orque.jpg
13 5 100 100 Baleine.jpg
14 50 400 50 Humains.jpg
32
1 1 2 100
2 1 2 90
3 2 3 100
4 2 7 100
5 2 5 100
6 2 6 100
7 4 5 100
8 4 7 90
9 3 4 60
10 3 6 80
11 3 7 90
12 3 8 100
13 3 13 100
14 5 6 20
15 6 7 15
16 5 7 10
17 6 9 25
18 7 9 5
19 5 9 17
20 6 10 50
21 5 10 30
22 5 11 15
23 7 12 5
24 8 12 3
25 5 12 10
26 10 12 3
27 9 12 5
28 13 14 1
29 10 14 2
30 11 14 3
31 2 4 70
32 6 5 9 